101 34 280000 6 2 A3286 A3135
102 32 240000 5 1 A3135
103 24 180000 4 1 A3206
104 42 380000 8 2 A3221 A3206
105 18 120000 2 1 A3135
106 18 120000 2 0
107 34 280000 6 2 A3170 A3104
108 50 450000 10 3 A3109 A3184 A3223
109 24 180000 4 1 A3170
201 34 280000 6 2 A3141 A3206
202 32 240000 5 0
203 24 180000 4 1 A3181
204 42 380000 8 3 A3170 A3206 A3223
205 18 120000 2 0
206 18 120000 2 1 A3104
207 34 280000 6 0
208 50 450000 10 3 A3223 A3282 A3286
209 24 180000 4 1 A3294
301 34 280000 6 0
302 32 240000 5 1 A3170
303 24 180000 4 0
304 42 380000 8 3 A3132 A3232 A3158
305 18 120000 2 1 A3232
306 18 120000 2 0
307 34 280000 6 1 A3151
308 50 450000 10 3 A3223 A3158 A3282
309 24 180000 4 1 A3223